pydelling/tests/test_data/bottom_surface_irregular.asc
ncols        250
nrows        251
xllcorner    0.001240760000
yllcorner    0.199278
dx     0.000791840960
dy     -0.000791840960
NODATA_value  -9999
[rows 187 to 203 of 251, columns 195 to 233 of 250]
0.11751000000000000334 0.11755999999999999783 0.11748999999999999722 0.11755000000000000171 0.11748999999999999722 0.11749999999999999334 0.11754000000000000559 0.11763999999999999457 0.11781999999999999418 0.11780999999999999805 0.11777999999999999581 0.11794999999999999929 0.11776000000000000356 0.1174300000000000066 0.11701999999999999902 0.11698999999999999677 0.11695999999999999452 0.11691999999999999615 0.11705999999999999739 0.11700000000000000677 0.11669999999999999818 0.11630999999999999672 0.11600000000000000588 0.11590999999999999914 0.1158799999999999969 0.11576999999999999791 0.11569999999999999729 0.1158799999999999969 0.11594999999999999751 0.11572999999999999954 0.11548999999999999544 0.11521000000000000685 0.115000000000000005 0.11483999999999999764 0.11483000000000000151 0.11469000000000000028 0.11433999999999999719 0.11422999999999999821 0.11403000000000000635
0.11740000000000000435 0.11724999999999999312 0.11731999999999999373 0.11741000000000000048 0.11747000000000000497 0.11733000000000000373 0.11722000000000000475 0.11724999999999999312 0.11737999999999999823 0.1174300000000000066 0.11768000000000000682 0.11776000000000000356 0.11748000000000000109 0.11712999999999999801 0.11687999999999999778 0.11684999999999999554 0.11680000000000000104 0.1167099999999999943 0.11665999999999999981 0.11655999999999999694 0.11655999999999999694 0.11632000000000000672 0.1158300000000000024 0.11575000000000000566 0.11562000000000000055 0.11552999999999999381 0.1154099999999999987 0.11526000000000000134 0.11523999999999999522 0.11519000000000000072 0.11511000000000000398 0.11502999999999999337 0.11483000000000000151 0.1147100000000000064 0.11451000000000000068 0.11428000000000000658 0.11416999999999999371 0.11411999999999999922 0.11396000000000000574
0.11722000000000000475 0.11722000000000000475 0.11715000000000000413 0.11716999999999999638 0.11719999999999999862 0.11712999999999999801 0.11711000000000000576 0.11690000000000000391 0.11698000000000000065 0.11719999999999999862 0.11736000000000000598 0.11744999999999999885 0.11723999999999999699 0.11687000000000000166 0.11662000000000000144 0.11663999999999999369 0.11665000000000000369 0.11645999999999999408 0.11633000000000000285 0.11625000000000000611 0.11637000000000000122 0.11608000000000000262 0.11576000000000000179 0.11550000000000000544 0.11543000000000000482 0.11536000000000000421 0.11509999999999999398 0.11504000000000000337 0.11484999999999999376 0.11479000000000000314 0.11479000000000000314 0.11465999999999999803 0.11430999999999999495 0.11409999999999999309 0.11400000000000000411 0.11405999999999999472 0.11401999999999999635 0.1141100000000000031 0.11390999999999999737
0.11705000000000000127 0.11701999999999999902 0.11683000000000000329 0.1170100000000000029 0.1170100000000000029 0.11691999999999999615 0.11686000000000000554 0.11683999999999999941 0.11673999999999999655 0.11698999999999999677 0.11712000000000000188 0.11695999999999999452 0.11687999999999999778 0.11658000000000000307 0.11638999999999999346 0.11626999999999999835 0.11630999999999999672 0.11633000000000000285 0.11608000000000000262 0.11605000000000000038 0.11608999999999999875 0.11579000000000000403 0.1155899999999999983 0.11533000000000000196 0.11519999999999999685 0.11519000000000000072 0.11508000000000000174 0.11490000000000000213 0.11480999999999999539 0.11462999999999999579 0.11451000000000000068 0.11436999999999999944 0.11411999999999999922 0.11383999999999999675 0.11383000000000000063 0.11376000000000000001 0.11394999999999999574 0.11401000000000000023 0.1138099999999999945
0.11700000000000000677 0.11688999999999999391 0.11679000000000000492 0.11687000000000000166 0.11690000000000000391 0.11673000000000000043 0.11676000000000000267 0.1165299999999999947 0.11661000000000000532 0.11669000000000000206 0.11680000000000000104 0.1165400000000000047 0.11643000000000000571 0.11645999999999999408 0.11623999999999999611 0.11580999999999999628 0.11590000000000000302 0.11584999999999999465 0.1158799999999999969 0.11593000000000000527 0.11579000000000000403 0.11564000000000000667 0.11533000000000000196 0.11504000000000000337 0.11497999999999999887 0.11502999999999999337 0.114989999999999995 0.11486999999999999988 0.11473999999999999477 0.11462999999999999579 0.11440999999999999781 0.11419999999999999596 0.11371000000000000552 0.11340999999999999692 0.11343999999999999917 0.11340999999999999692 0.11368000000000000327 0.11394999999999999574 0.1138099999999999945
0.11687000000000000166 0.11676000000000000267 0.11673000000000000043 0.1167099999999999943 0.11655000000000000082 0.11656999999999999307 0.11658999999999999919 0.11633000000000000285 0.11626999999999999835 0.11645999999999999408 0.11640000000000000346 0.11644999999999999796 0.11632000000000000672 0.11619000000000000161 0.11579000000000000403 0.11548999999999999544 0.11555999999999999606 0.11554999999999999993 0.11561000000000000443 0.11566999999999999504 0.11554000000000000381 0.11526999999999999746 0.11501000000000000112 0.11490000000000000213 0.11482000000000000539 0.11483000000000000151 0.11490000000000000213 0.1147100000000000064 0.1147100000000000064 0.11455999999999999517 0.11441999999999999393 0.1140499999999999986 0.11346000000000000529 0.11319999999999999507 0.11312999999999999445 0.11307999999999999996 0.11315000000000000058 0.11326999999999999569 0.11333000000000000018
0.11675000000000000655 0.11655000000000000082 0.11650000000000000633 0.11645999999999999408 0.11633000000000000285 0.11637000000000000122 0.11630999999999999672 0.11615999999999999936 0.11594000000000000139 0.11615999999999999936 0.11616999999999999549 0.11611000000000000487 0.11604000000000000425 0.11562999999999999667 0.11525000000000000522 0.11515000000000000235 0.11501999999999999724 0.11515999999999999848 0.11527999999999999359 0.11529999999999999971 0.11515999999999999848 0.11496000000000000663 0.11473999999999999477 0.11459999999999999354 0.11457000000000000517 0.11454999999999999905 0.11450000000000000455 0.11450000000000000455 0.11444000000000000006 0.11446000000000000618 0.11412999999999999534 0.11346000000000000529 0.11330999999999999406 0.11308999999999999608 0.11278000000000000524 0.11274000000000000687 0.11255999999999999339 0.11278000000000000524 0.11279999999999999749
0.11651999999999999857 0.11644000000000000183 0.11629000000000000448 0.11598999999999999588 0.11580999999999999628 0.11572999999999999954 0.11573999999999999566 0.11562000000000000055 0.11558000000000000218 0.11576999999999999791 0.11576000000000000179 0.11569999999999999729 0.11555999999999999606 0.11533000000000000196 0.115000000000000005 0.1147100000000000064 0.1147600000000000009 0.11483999999999999764 0.11490999999999999825 0.11486999999999999988 0.11466999999999999416 0.11466999999999999416 0.11455999999999999517 0.11436999999999999944 0.11418999999999999984 0.11391999999999999349 0.11383999999999999675 0.11393000000000000349 0.11389000000000000512 0.1140499999999999986 0.11378000000000000613 0.11325000000000000344 0.11311999999999999833 0.11298999999999999322 0.11272999999999999687 0.11265000000000000013 0.11243999999999999828 0.11242000000000000604 0.11246000000000000441
0.11597000000000000364 0.11575000000000000566 0.11569999999999999729 0.11554000000000000381 0.11547999999999999932 0.1154099999999999987 0.11525000000000000522 0.11522999999999999909 0.11533999999999999808 0.11539000000000000645 0.11537999999999999645 0.11508999999999999786 0.11508000000000000174 0.11494999999999999662 0.11462999999999999579 0.11444999999999999618 0.11440000000000000169 0.11451000000000000068 0.11472999999999999865 0.11469000000000000028 0.11462999999999999579 0.11451000000000000068 0.11434999999999999332 0.11415000000000000147 0.11379000000000000226 0.11357000000000000428 0.1135800000000000004 0.11348999999999999366 0.11350999999999999979 0.11360000000000000653 0.11325000000000000344 0.11314000000000000445 0.11283999999999999586 0.1129799999999999971 0.11271000000000000463 0.11247000000000000053 0.11222999999999999643 0.11218000000000000194 0.11218000000000000194
0.11539000000000000645 0.11526999999999999746 0.11527999999999999359 0.11521000000000000685 0.11521000000000000685 0.11514000000000000623 0.11512999999999999623 0.11504999999999999949 0.11526999999999999746 0.1151699999999999946 0.115000000000000005 0.11472000000000000253 0.11466999999999999416 0.11458000000000000129 0.11458999999999999742 0.1142900000000000027 0.11415999999999999759 0.11426000000000000045 0.11443000000000000393 0.11437999999999999556 0.11430999999999999495 0.11425000000000000433 0.11393999999999999961 0.11378000000000000613 0.11354000000000000203 0.11333999999999999631 0.11319999999999999507 0.1131700000000000067 0.11319999999999999507 0.11311999999999999833 0.11310000000000000608 0.11303000000000000547 0.11268000000000000238 0.11261000000000000176 0.11257000000000000339 0.11236999999999999766 0.11217000000000000581 0.11211999999999999744 0.11203000000000000458
0.114989999999999995 0.11487999999999999601 0.11490999999999999825 0.1149400000000000005 0.11512000000000000011 0.11512000000000000011 0.11502999999999999337 0.11501999999999999724 0.11501000000000000112 0.11479000000000000314 0.1147100000000000064 0.11458000000000000129 0.11443000000000000393 0.11437999999999999556 0.11432000000000000495 0.11401000000000000023 0.11411999999999999922 0.1141100000000000031 0.11404000000000000248 0.11408999999999999697 0.11397999999999999798 0.11383000000000000063 0.11375000000000000389 0.11355999999999999428 0.1134000000000000008 0.11312999999999999445 0.11307000000000000384 0.11304999999999999771 0.11307000000000000384 0.1129300000000000026 0.11286999999999999811 0.11282000000000000361 0.11261999999999999789 0.11235000000000000542 0.11221000000000000418 0.11236000000000000154 0.11222000000000000031 0.11200999999999999845 0.11200000000000000233
0.11462999999999999579 0.11465000000000000191 0.11461000000000000354 0.11461000000000000354 0.11490999999999999825 0.11511000000000000398 0.11512000000000000011 0.11496000000000000663 0.11487999999999999601 0.11475000000000000477 0.11461999999999999966 0.11440000000000000169 0.11425000000000000433 0.11421000000000000596 0.11423999999999999433 0.11408999999999999697 0.11394999999999999574 0.1138200000000000045 0.11376000000000000001 0.11373999999999999388 0.11365000000000000102 0.11350000000000000366 0.11343000000000000305 0.11326999999999999569 0.11312999999999999445 0.11297000000000000097 0.11292000000000000648 0.11282000000000000361 0.11261999999999999789 0.11269999999999999463 0.112750000000000003 0.1126899999999999985 0.11246000000000000441 0.11225000000000000255 0.11218000000000000194 0.11219999999999999418 0.11222999999999999643 0.11204999999999999682 0.11187999999999999334
0.11434999999999999332 0.11430999999999999495 0.11434999999999999332 0.11451000000000000068 0.11451000000000000068 0.11465999999999999803 0.11489000000000000601 0.11487999999999999601 0.11484999999999999376 0.11473999999999999477 0.11444999999999999618 0.11421000000000000596 0.11415999999999999759 0.11373999999999999388 0.11373999999999999388 0.11372000000000000164 0.11371000000000000552 0.11348999999999999366 0.1134000000000000008 0.11347000000000000142 0.11347000000000000142 0.11340999999999999692 0.11325999999999999956 0.11308999999999999608 0.11286999999999999811 0.11279000000000000137 0.11279000000000000137 0.1126899999999999985 0.11236999999999999766 0.11236000000000000154 0.11229999999999999705 0.11243000000000000216 0.1122699999999999948 0.11214999999999999969 0.1121000000000000052 0.11199000000000000621 0.11197000000000000008 0.11186999999999999722 0.11167000000000000537
0.11416999999999999371 0.11421000000000000596 0.11421000000000000596 0.11425000000000000433 0.11440999999999999781 0.11454999999999999905 0.11448999999999999455 0.11468000000000000416 0.11459999999999999354 0.11437999999999999556 0.11408999999999999697 0.11376000000000000001 0.11353000000000000591 0.11358999999999999653 0.11333999999999999631 0.11343000000000000305 0.11351999999999999591 0.11315000000000000058 0.11304000000000000159 0.11307999999999999996 0.11319999999999999507 0.11318999999999999895 0.11301999999999999547 0.11274000000000000687 0.11258999999999999564 0.11246000000000000441 0.11239000000000000379 0.11230999999999999317 0.11232999999999999929 0.11214000000000000357 0.11221000000000000418 0.11236000000000000154 0.11222000000000000031 0.11215999999999999581 0.11197999999999999621 0.11187999999999999334 0.1117999999999999966 0.11164999999999999925 0.11160000000000000475
0.11391999999999999349 0.11400000000000000411 0.11408999999999999697 0.11411999999999999922 0.11429999999999999882 0.11415000000000000147 0.11418000000000000371 0.11428000000000000658 0.1142900000000000027 0.11408000000000000085 0.11340999999999999692 0.11318000000000000282 0.11304999999999999771 0.11307999999999999996 0.11293999999999999873 0.11311000000000000221 0.11279000000000000137 0.11272999999999999687 0.11265999999999999626 0.11282000000000000361 0.11290999999999999648 0.11289000000000000423 0.11269999999999999463 0.11239999999999999991 0.11218999999999999806 0.11193000000000000171 0.11204999999999999682 0.11196000000000000396 0.11207000000000000295 0.11196000000000000396 0.11193000000000000171 0.11193000000000000171 0.11193000000000000171 0.11193999999999999784 0.1117999999999999966 0.11171000000000000374 0.111619999999999997 0.11158999999999999475 0.11140999999999999515
0.11373999999999999388 0.11368000000000000327 0.11378000000000000613 0.11379999999999999838 0.11393999999999999961 0.11393000000000000349 0.11393999999999999961 0.11390000000000000124 0.11372000000000000164 0.11358999999999999653 0.11307999999999999996 0.11282000000000000361 0.112750000000000003 0.11271000000000000463 0.11262999999999999401 0.11264000000000000401 0.11250000000000000278 0.11236999999999999766 0.11235000000000000542 0.11237999999999999379 0.11249000000000000665 0.11253000000000000502 0.11239999999999999991 0.11222000000000000031 0.11189000000000000334 0.11160000000000000475 0.11151999999999999413 0.11164999999999999925 0.11169999999999999374 0.11172999999999999599 0.11162999999999999312 0.11153000000000000413 0.11150999999999999801 0.11169999999999999374 0.111619999999999997 0.11158999999999999475 0.11144999999999999352 0.11140999999999999515 0.11122999999999999554
0.1136299999999999949 0.11347999999999999754 0.1134000000000000008 0.11333000000000000018 0.11343999999999999917 0.11353000000000000591 0.11373999999999999388 0.11343000000000000305 0.1131700000000000067 0.11314000000000000445 0.11289000000000000423 0.112750000000000003 0.11258999999999999564 0.11247999999999999665 0.11257999999999999952 0.11218999999999999806 0.11212999999999999357 0.11203000000000000458 0.11197999999999999621 0.11207999999999999907 0.11207999999999999907 0.11224000000000000643 0.11224000000000000643 0.11193999999999999784 0.111619999999999997 0.11126999999999999391 0.11129999999999999616 0.11135000000000000453 0.11142000000000000515 0.11147999999999999576 0.11140999999999999515 0.11140999999999999515 0.11124000000000000554 0.11136999999999999678 0.11139999999999999902 0.11133999999999999453 0.11125000000000000167 0.11113000000000000655 0.11100999999999999757
