pydelling/tests/test_data/bottom_surface_irregular.asc
ncols        250
nrows        251
xllcorner    0.001240760000
yllcorner    0.199278
dx     0.000791840960
dy     -0.000791840960
NODATA_value  -9999
[rows 119 to 135 of 251, columns 117 to 155 of 250]
0.12353000000000000091 0.12366000000000000603 0.12350999999999999479 0.12360000000000000153 0.12378000000000000114 0.12398000000000000687 0.12428000000000000158 0.12446000000000000119 0.12441000000000000669 0.12434000000000000608 0.12420000000000000484 0.12411999999999999422 0.12395000000000000462 0.12377000000000000501 0.12373000000000000664 0.12374999999999999889 0.12385999999999999788 0.12393999999999999462 0.123869999999999994 0.12391000000000000625 0.12373000000000000664 0.12359000000000000541 0.12364999999999999603 0.12406000000000000361 0.12417000000000000259 0.12420000000000000484 0.12424999999999999933 0.12432999999999999607 0.12442000000000000282 0.12432999999999999607 0.12436999999999999444 0.12441000000000000669 0.12436999999999999444 0.12446999999999999731 0.1245300000000000018 0.12460000000000000242 0.12453999999999999793 0.12447999999999999343 0.1245799999999999963
0.1234100000000000058 0.12360999999999999766 0.12360999999999999766 0.12357999999999999541 0.12364999999999999603 0.12381999999999999951 0.1241099999999999981 0.12427000000000000546 0.12418999999999999484 0.12414999999999999647 0.12400999999999999523 0.12402000000000000524 0.12389000000000000012 0.12377000000000000501 0.12381999999999999951 0.12381000000000000338 0.12384000000000000563 0.12392999999999999849 0.12399000000000000299 0.12381999999999999951 0.12366000000000000603 0.12342000000000000193 0.1234600000000000003 0.12353000000000000091 0.12403000000000000136 0.12399000000000000299 0.12406000000000000361 0.1241099999999999981 0.12417000000000000259 0.12417000000000000259 0.12417999999999999872 0.12427000000000000546 0.12431999999999999995 0.12442000000000000282 0.12442000000000000282 0.12449999999999999956 0.12452000000000000568 0.12439999999999999669 0.12449000000000000343
0.12331000000000000294 0.12353000000000000091 0.12354999999999999316 0.12350999999999999479 0.12356000000000000316 0.12379999999999999338 0.12385999999999999788 0.12396000000000000074 0.12389999999999999625 0.12378999999999999726 0.12381999999999999951 0.12385000000000000175 0.12379999999999999338 0.12371999999999999664 0.12377000000000000501 0.123880000000000004 0.12393999999999999462 0.12393999999999999462 0.12402000000000000524 0.12396000000000000074 0.12379999999999999338 0.12353000000000000091 0.1233999999999999958 0.12342999999999999805 0.12382999999999999563 0.12375999999999999501 0.12373000000000000664 0.12374000000000000277 0.12392000000000000237 0.12402000000000000524 0.12417999999999999872 0.12421999999999999709 0.12431000000000000383 0.12431000000000000383 0.12424000000000000321 0.12429999999999999383 0.1242899999999999977 0.12425999999999999546 0.12442999999999999894
0.12331999999999999906 0.1233999999999999958 0.12342000000000000193 0.12353000000000000091 0.12360000000000000153 0.1236899999999999944 0.12391000000000000625 0.12385999999999999788 0.12374999999999999889 0.12367000000000000215 0.12367000000000000215 0.12373000000000000664 0.12379999999999999338 0.12384000000000000563 0.12396000000000000074 0.12400999999999999523 0.12399999999999999911 0.12398000000000000687 0.12410000000000000198 0.12403999999999999748 0.12389999999999999625 0.12374999999999999889 0.12349000000000000254 0.12349999999999999867 0.12363000000000000378 0.12360999999999999766 0.1236399999999999999 0.1236399999999999999 0.12361999999999999378 0.12379999999999999338 0.12411999999999999422 0.12421999999999999709 0.12421000000000000096 0.12421999999999999709 0.12421000000000000096 0.12411999999999999422 0.12420000000000000484 0.12438000000000000445 0.12446999999999999731
0.12302000000000000435 0.12324000000000000232 0.12335999999999999743 0.12352000000000000479 0.1236399999999999999 0.12375999999999999501 0.12393999999999999462 0.12384000000000000563 0.12373000000000000664 0.12361999999999999378 0.12363000000000000378 0.12375999999999999501 0.12382999999999999563 0.12399999999999999911 0.12404999999999999361 0.12393999999999999462 0.12399999999999999911 0.12406000000000000361 0.12410000000000000198 0.12400999999999999523 0.12396999999999999686 0.12384000000000000563 0.1236399999999999999 0.12359000000000000541 0.12354999999999999316 0.12371000000000000052 0.12378000000000000114 0.12373000000000000664 0.12356000000000000316 0.12357999999999999541 0.12392000000000000237 0.12399999999999999911 0.12420000000000000484 0.12429999999999999383 0.12418999999999999484 0.12404999999999999361 0.1241099999999999981 0.12432999999999999607 0.12439999999999999669
0.12314999999999999558 0.12316000000000000558 0.12328999999999999682 0.12349999999999999867 0.12360000000000000153 0.1237000000000000044 0.12375999999999999501 0.12377000000000000501 0.12373000000000000664 0.1236899999999999944 0.12371999999999999664 0.12377000000000000501 0.12381999999999999951 0.12382999999999999563 0.12399000000000000299 0.12398000000000000687 0.12398000000000000687 0.12406999999999999973 0.12398000000000000687 0.12392000000000000237 0.12395000000000000462 0.12385000000000000175 0.12381000000000000338 0.12361999999999999378 0.12374000000000000277 0.12374000000000000277 0.12381999999999999951 0.12363000000000000378 0.12346999999999999642 0.12346999999999999642 0.1236399999999999999 0.12382999999999999563 0.12406000000000000361 0.12428000000000000158 0.12414000000000000035 0.12399000000000000299 0.12413000000000000422 0.12422999999999999321 0.12429999999999999383
0.12307999999999999496 0.12321000000000000008 0.12320000000000000395 0.1234600000000000003 0.12348000000000000642 0.12349000000000000254 0.1236399999999999999 0.12374999999999999889 0.1236899999999999944 0.12371000000000000052 0.12381999999999999951 0.12382999999999999563 0.12374999999999999889 0.12391000000000000625 0.12396999999999999686 0.12396999999999999686 0.12399999999999999911 0.12396000000000000074 0.12381999999999999951 0.12384000000000000563 0.12385999999999999788 0.12382999999999999563 0.12396999999999999686 0.12381000000000000338 0.12382999999999999563 0.12384000000000000563 0.12374999999999999889 0.12367000000000000215 0.12353000000000000091 0.1234600000000000003 0.12366000000000000603 0.12378000000000000114 0.12391000000000000625 0.12399000000000000299 0.12398000000000000687 0.12396999999999999686 0.12391000000000000625 0.12403000000000000136 0.12416000000000000647
0.12296999999999999598 0.12303999999999999659 0.12299999999999999822 0.12309000000000000496 0.12321000000000000008 0.12335999999999999743 0.12352000000000000479 0.12360999999999999766 0.12360000000000000153 0.12360000000000000153 0.12371000000000000052 0.12371999999999999664 0.1237000000000000044 0.12385999999999999788 0.1241099999999999981 0.12409000000000000585 0.12403000000000000136 0.12398000000000000687 0.12384000000000000563 0.12379999999999999338 0.12384000000000000563 0.12382999999999999563 0.12396999999999999686 0.12395000000000000462 0.12391000000000000625 0.12389000000000000012 0.12378000000000000114 0.12363000000000000378 0.12349000000000000254 0.12348000000000000642 0.12356000000000000316 0.12363000000000000378 0.12377000000000000501 0.1236399999999999999 0.12367999999999999827 0.12363000000000000378 0.1236399999999999999 0.12381999999999999951 0.12414000000000000035
0.12278000000000000025 0.12285999999999999699 0.1228100000000000025 0.12293999999999999373 0.12302000000000000435 0.1229900000000000021 0.12321000000000000008 0.1232199999999999962 0.12328000000000000069 0.12336999999999999356 0.12349000000000000254 0.12363000000000000378 0.12360000000000000153 0.12399999999999999911 0.12414999999999999647 0.12417000000000000259 0.12414000000000000035 0.12400999999999999523 0.12382999999999999563 0.12382999999999999563 0.12389999999999999625 0.12385000000000000175 0.12382999999999999563 0.12381999999999999951 0.12398000000000000687 0.12399999999999999911 0.12389999999999999625 0.1236899999999999944 0.12357999999999999541 0.1234600000000000003 0.12349000000000000254 0.12354999999999999316 0.12371999999999999664 0.1237000000000000044 0.12352000000000000479 0.12361999999999999378 0.12352000000000000479 0.12356999999999999929 0.12432999999999999607
0.12268999999999999351 0.12270000000000000351 0.12274000000000000188 0.12278000000000000025 0.12277000000000000413 0.12284000000000000474 0.12303000000000000047 0.12306000000000000272 0.12306000000000000272 0.12318999999999999395 0.12345000000000000417 0.12354999999999999316 0.12364999999999999603 0.12399999999999999911 0.12411999999999999422 0.12411999999999999422 0.12414000000000000035 0.12399000000000000299 0.12392000000000000237 0.12384000000000000563 0.12381999999999999951 0.12374000000000000277 0.1236399999999999999 0.12378999999999999726 0.12391000000000000625 0.12399000000000000299 0.12399999999999999911 0.12385999999999999788 0.12364999999999999603 0.12343999999999999417 0.12338999999999999968 0.12349000000000000254 0.12378999999999999726 0.12375999999999999501 0.12356000000000000316 0.12342000000000000193 0.12342999999999999805 0.123869999999999994 0.12421000000000000096
0.12235999999999999654 0.12243999999999999329 0.12253000000000000003 0.12263000000000000289 0.12262000000000000677 0.12267000000000000126 0.12285999999999999699 0.12307999999999999496 0.12313000000000000334 0.12321000000000000008 0.12335999999999999743 0.12356999999999999929 0.12374000000000000277 0.12402000000000000524 0.1241099999999999981 0.1241099999999999981 0.12414999999999999647 0.12403000000000000136 0.12399000000000000299 0.12385000000000000175 0.12392999999999999849 0.12379999999999999338 0.12381000000000000338 0.12393999999999999462 0.12400999999999999523 0.12410000000000000198 0.12407999999999999585 0.12382999999999999563 0.1236899999999999944 0.12348000000000000642 0.12335999999999999743 0.12353000000000000091 0.12381999999999999951 0.12392000000000000237 0.1237000000000000044 0.12360000000000000153 0.12354999999999999316 0.12389999999999999625 0.12403000000000000136
0.12212000000000000632 0.12220999999999999919 0.12224999999999999756 0.12221999999999999531 0.12239999999999999492 0.12248000000000000553 0.12268999999999999351 0.12277000000000000413 0.12311999999999999333 0.12324000000000000232 0.12328000000000000069 0.12350999999999999479 0.12381000000000000338 0.123880000000000004 0.123869999999999994 0.12399000000000000299 0.12407999999999999585 0.12393999999999999462 0.12392999999999999849 0.123880000000000004 0.12393999999999999462 0.12391000000000000625 0.12398000000000000687 0.12402000000000000524 0.12404999999999999361 0.12406000000000000361 0.12398000000000000687 0.12385999999999999788 0.12367999999999999827 0.12359000000000000541 0.12349999999999999867 0.12348000000000000642 0.12374000000000000277 0.123880000000000004 0.12378999999999999726 0.12357999999999999541 0.12373000000000000664 0.12375999999999999501 0.12395000000000000462
0.1218700000000000061 0.12200999999999999346 0.12194000000000000672 0.12202000000000000346 0.12224999999999999756 0.12242000000000000104 0.12242000000000000104 0.12253999999999999615 0.12285000000000000087 0.12307999999999999496 0.12325999999999999457 0.12354999999999999316 0.12356000000000000316 0.12354999999999999316 0.1236399999999999999 0.123869999999999994 0.12396000000000000074 0.12366000000000000603 0.12385999999999999788 0.12378999999999999726 0.12381000000000000338 0.12378999999999999726 0.123880000000000004 0.12391000000000000625 0.12381999999999999951 0.12389000000000000012 0.12393999999999999462 0.12375999999999999501 0.12364999999999999603 0.12360999999999999766 0.12353000000000000091 0.12348000000000000642 0.12361999999999999378 0.12374999999999999889 0.12366000000000000603 0.12357999999999999541 0.12364999999999999603 0.12384000000000000563 0.12392999999999999849
0.1216900000000000065 0.12160999999999999588 0.12163999999999999813 0.12182999999999999385 0.12209000000000000408 0.12223000000000000531 0.12230000000000000593 0.12239999999999999492 0.1225699999999999984 0.12282999999999999474 0.12295999999999999985 0.12313000000000000334 0.12310000000000000109 0.12320000000000000395 0.12331999999999999906 0.12342000000000000193 0.12361999999999999378 0.12357999999999999541 0.12360999999999999766 0.12359000000000000541 0.12367999999999999827 0.12353000000000000091 0.12353999999999999704 0.1237000000000000044 0.12379999999999999338 0.12379999999999999338 0.12378999999999999726 0.1237000000000000044 0.12353000000000000091 0.12342999999999999805 0.12336999999999999356 0.12338999999999999968 0.12349000000000000254 0.12357999999999999541 0.12356000000000000316 0.12357999999999999541 0.12371999999999999664 0.12378000000000000114 0.12410000000000000198
0.12151000000000000689 0.12144000000000000627 0.12156000000000000139 0.1216799999999999965 0.12184000000000000385 0.12189999999999999447 0.12206000000000000183 0.12218999999999999306 0.12238999999999999879 0.12262000000000000677 0.12280000000000000637 0.12286999999999999311 0.12299999999999999822 0.12295000000000000373 0.12310000000000000109 0.12331000000000000294 0.12338000000000000356 0.12331999999999999906 0.1234100000000000058 0.1233999999999999958 0.12328000000000000069 0.12321000000000000008 0.12330000000000000682 0.12354999999999999316 0.12357999999999999541 0.1236899999999999944 0.12364999999999999603 0.12364999999999999603 0.12338000000000000356 0.12318999999999999395 0.12314999999999999558 0.12310000000000000109 0.12324000000000000232 0.1234100000000000058 0.12343999999999999417 0.12360999999999999766 0.1237000000000000044 0.12393999999999999462 0.12406000000000000361
0.12137000000000000566 0.12138000000000000178 0.12146999999999999464 0.12160999999999999588 0.12174000000000000099 0.12184000000000000385 0.12194000000000000672 0.12207999999999999408 0.12228999999999999593 0.12253000000000000003 0.12262000000000000677 0.12259000000000000452 0.12268999999999999351 0.12281999999999999862 0.12299999999999999822 0.12303000000000000047 0.12310999999999999721 0.12310999999999999721 0.12316000000000000558 0.12321000000000000008 0.12309000000000000496 0.12302000000000000435 0.12320000000000000395 0.12331000000000000294 0.12343999999999999417 0.12352000000000000479 0.12338000000000000356 0.12331000000000000294 0.12306000000000000272 0.12300999999999999435 0.12302000000000000435 0.12295999999999999985 0.12295999999999999985 0.12303000000000000047 0.12318999999999999395 0.12332999999999999519 0.12363000000000000378 0.123880000000000004 0.12393999999999999462
0.12116000000000000381 0.12126000000000000667 0.12146999999999999464 0.12160999999999999588 0.12180000000000000548 0.12195000000000000284 0.12203999999999999571 0.12205000000000000571 0.12223000000000000531 0.12242000000000000104 0.12246999999999999553 0.12267000000000000126 0.12273000000000000576 0.12285999999999999699 0.12291000000000000536 0.12289999999999999536 0.12295000000000000373 0.12286999999999999311 0.12291000000000000536 0.12295000000000000373 0.12288000000000000311 0.12282999999999999474 0.12302000000000000435 0.12310999999999999721 0.12334000000000000519 0.12327000000000000457 0.12317000000000000171 0.12298000000000000598 0.1228100000000000025 0.12281999999999999862 0.12284000000000000474 0.12270000000000000351 0.12275999999999999412 0.12280000000000000637 0.1229900000000000021 0.1232199999999999962 0.12354999999999999316 0.12371999999999999664 0.12385999999999999788
