pydelling/tests/test_data/bottom_surface_irregular.asc
ncols        250
nrows        251
xllcorner    0.001240760000
yllcorner    0.199278
dx     0.000791840960
dy     -0.000791840960
NODATA_value  -9999
[rows 221 to 237 of 251, columns 78 to 116 of 250]
0.11093999999999999695 0.11093999999999999695 0.11088000000000000633 0.11108999999999999431 0.11115999999999999492 0.11093000000000000083 0.11064999999999999836 0.11067000000000000448 0.11068999999999999673 0.1109200000000000047 0.11100000000000000144 0.11114000000000000268 0.11118000000000000105 0.11115999999999999492 0.11111999999999999655 0.11101999999999999369 0.11143999999999999739 0.11185000000000000497 0.11243000000000000216 0.11254999999999999727 0.11243000000000000216 0.11199000000000000621 0.11179000000000000048 0.11169999999999999374 0.11164000000000000312 0.11185000000000000497 0.11197000000000000008 0.11197000000000000008 0.11214999999999999969 0.11232999999999999929 0.11229999999999999705 0.11229999999999999705 0.1124499999999999944 0.11264000000000000401 0.11279000000000000137 0.11296000000000000485 0.11310000000000000608 0.11321000000000000507 0.11350999999999999979
0.11083999999999999408 0.11104999999999999594 0.11108999999999999431 0.11111000000000000043 0.1111499999999999988 0.11089999999999999858 0.11065999999999999448 0.11056000000000000549 0.1107400000000000051 0.11085000000000000409 0.11097999999999999532 0.11107999999999999818 0.11118000000000000105 0.11119999999999999329 0.11114000000000000268 0.11113000000000000655 0.1111499999999999988 0.11133999999999999453 0.11165999999999999537 0.11196000000000000396 0.11201999999999999458 0.11193000000000000171 0.11157999999999999863 0.11128000000000000391 0.11147999999999999576 0.11153000000000000413 0.11175999999999999823 0.1118100000000000066 0.11193999999999999784 0.11207999999999999907 0.11214000000000000357 0.11225999999999999868 0.11232999999999999929 0.1125099999999999989 0.11267000000000000626 0.11275999999999999912 0.11286999999999999811 0.11300999999999999934 0.11318000000000000282
0.11088000000000000633 0.11100000000000000144 0.11082000000000000184 0.1109200000000000047 0.1109699999999999992 0.11082999999999999796 0.1106800000000000006 0.11058999999999999386 0.11060000000000000386 0.11068999999999999673 0.11083999999999999408 0.1109200000000000047 0.11099000000000000532 0.11101999999999999369 0.11107000000000000206 0.11104999999999999594 0.11111000000000000043 0.11122999999999999554 0.11111000000000000043 0.11142000000000000515 0.11165999999999999537 0.11174000000000000599 0.11156000000000000638 0.11107000000000000206 0.11129999999999999616 0.11132000000000000228 0.11151999999999999413 0.11153000000000000413 0.11158999999999999475 0.11189000000000000334 0.11204999999999999682 0.11206000000000000683 0.11224000000000000643 0.11243999999999999828 0.11251999999999999502 0.11254000000000000115 0.11254000000000000115 0.11276999999999999524 0.11298999999999999322
0.11061999999999999611 0.1107400000000000051 0.11082000000000000184 0.11079999999999999571 0.11075999999999999734 0.11075999999999999734 0.11063000000000000611 0.11051999999999999325 0.11051999999999999325 0.11056000000000000549 0.11065999999999999448 0.1107299999999999951 0.11096000000000000307 0.1109699999999999992 0.11104999999999999594 0.11108999999999999431 0.11108999999999999431 0.11119999999999999329 0.11121999999999999942 0.11106000000000000594 0.11101999999999999369 0.11108999999999999431 0.11132000000000000228 0.11088000000000000633 0.11118999999999999717 0.11132999999999999841 0.11142000000000000515 0.11136999999999999678 0.1113900000000000029 0.11149000000000000576 0.11199000000000000621 0.11192000000000000559 0.11197000000000000008 0.11211999999999999744 0.11225999999999999868 0.11235000000000000542 0.11232000000000000317 0.11243000000000000216 0.11271000000000000463
0.11068999999999999673 0.11076999999999999347 0.11082999999999999796 0.11075999999999999734 0.11065999999999999448 0.11054999999999999549 0.11047999999999999488 0.11045000000000000651 0.11049000000000000488 0.11061999999999999611 0.11068999999999999673 0.11060999999999999999 0.1109099999999999947 0.11103000000000000369 0.11107999999999999818 0.11107999999999999818 0.11118000000000000105 0.11110000000000000431 0.1109699999999999992 0.11101999999999999369 0.11108999999999999431 0.11096000000000000307 0.11086999999999999633 0.11070000000000000673 0.1109099999999999947 0.11118000000000000105 0.11143999999999999739 0.11121999999999999942 0.11135000000000000453 0.1115700000000000025 0.11179000000000000048 0.11186999999999999722 0.11172999999999999599 0.11192000000000000559 0.11214000000000000357 0.11222999999999999643 0.11229999999999999705 0.11225000000000000255 0.11246000000000000441
0.11054999999999999549 0.11053000000000000325 0.11061999999999999611 0.11060000000000000386 0.11057000000000000162 0.11050999999999999712 0.11057999999999999774 0.11057000000000000162 0.11046999999999999875 0.11057999999999999774 0.11071000000000000285 0.11065999999999999448 0.11086000000000000021 0.11101999999999999369 0.11101999999999999369 0.11110000000000000431 0.11114000000000000268 0.11101999999999999369 0.11083999999999999408 0.11075999999999999734 0.11094999999999999307 0.11111000000000000043 0.11070000000000000673 0.11046000000000000263 0.11058999999999999386 0.11138000000000000678 0.11111000000000000043 0.1112100000000000033 0.11131000000000000616 0.11168000000000000149 0.1118600000000000011 0.11193000000000000171 0.11189000000000000334 0.11193000000000000171 0.11203000000000000458 0.11221000000000000418 0.11225999999999999868 0.11211999999999999744 0.11237999999999999379
0.11039000000000000201 0.11035000000000000364 0.11036999999999999589 0.1102700000000000069 0.11035999999999999976 0.11035999999999999976 0.11057999999999999774 0.11057000000000000162 0.11061999999999999611 0.11057999999999999774 0.11060999999999999999 0.11050999999999999712 0.11070000000000000673 0.11089999999999999858 0.11089000000000000246 0.11094999999999999307 0.11103000000000000369 0.11078000000000000347 0.11071999999999999897 0.1106800000000000006 0.11056000000000000549 0.11011999999999999567 0.1097899999999999987 0.11039000000000000201 0.11043999999999999651 0.11081000000000000572 0.1109200000000000047 0.11097999999999999532 0.11132000000000000228 0.11156000000000000638 0.11172999999999999599 0.11192000000000000559 0.11186999999999999722 0.11186999999999999722 0.11204999999999999682 0.11211000000000000132 0.11222999999999999643 0.11203000000000000458 0.11219999999999999418
0.11040999999999999426 0.11035000000000000364 0.11035999999999999976 0.11032999999999999752 0.11038000000000000589 0.11046999999999999875 0.11058999999999999386 0.11075000000000000122 0.11064000000000000223 0.11056000000000000549 0.11060000000000000386 0.11061999999999999611 0.11056000000000000549 0.11065999999999999448 0.11078999999999999959 0.11082000000000000184 0.11081000000000000572 0.11071999999999999897 0.11063000000000000611 0.11047999999999999488 0.11039999999999999813 0.11011999999999999567 0.10982000000000000095 0.10996000000000000218 0.11018000000000000016 0.110500000000000001 0.11078000000000000347 0.11093000000000000083 0.11125999999999999779 0.11142000000000000515 0.11164999999999999925 0.11189000000000000334 0.11197999999999999621 0.11207999999999999907 0.11208999999999999519 0.11214000000000000357 0.11211000000000000132 0.11208999999999999519 0.11229999999999999705
0.11035000000000000364 0.11035999999999999976 0.11035999999999999976 0.11043999999999999651 0.11045000000000000651 0.11056000000000000549 0.11068999999999999673 0.11079999999999999571 0.11078000000000000347 0.11086000000000000021 0.11076999999999999347 0.11085000000000000409 0.11071999999999999897 0.11063000000000000611 0.1107299999999999951 0.11064000000000000223 0.11060000000000000386 0.11063000000000000611 0.11053999999999999937 0.11043000000000000038 0.11029999999999999527 0.11010000000000000342 0.10989999999999999769 0.10982999999999999707 0.10985999999999999932 0.11024000000000000465 0.11060999999999999999 0.11086000000000000021 0.11107000000000000206 0.1113900000000000029 0.11161000000000000087 0.11187999999999999334 0.11203000000000000458 0.1120400000000000007 0.1120400000000000007 0.11208999999999999519 0.11203000000000000458 0.11217000000000000581 0.11235000000000000542
0.11028999999999999915 0.11031000000000000527 0.11033999999999999364 0.11035000000000000364 0.11042000000000000426 0.11039000000000000201 0.11075000000000000122 0.11100999999999999757 0.11097999999999999532 0.1109200000000000047 0.11086999999999999633 0.11085000000000000409 0.11079999999999999571 0.11076999999999999347 0.11076999999999999347 0.11065999999999999448 0.110500000000000001 0.11064000000000000223 0.11060999999999999999 0.11064000000000000223 0.11043999999999999651 0.11020000000000000628 0.10982000000000000095 0.10978000000000000258 0.10990999999999999381 0.1100799999999999973 0.11046000000000000263 0.11070000000000000673 0.11096000000000000307 0.11117000000000000492 0.11144999999999999352 0.11174000000000000599 0.11190999999999999559 0.11201999999999999458 0.11206000000000000683 0.11200999999999999845 0.11196000000000000396 0.11211000000000000132 0.11225000000000000255
0.11014999999999999791 0.1100799999999999973 0.11008999999999999342 0.11035000000000000364 0.11049000000000000488 0.11057000000000000162 0.11076999999999999347 0.11104999999999999594 0.11100000000000000144 0.11093000000000000083 0.11094999999999999307 0.1109200000000000047 0.11085000000000000409 0.11078999999999999959 0.11075000000000000122 0.1106800000000000006 0.11068999999999999673 0.1106800000000000006 0.1107400000000000051 0.11075000000000000122 0.11047999999999999488 0.10988000000000000544 0.10988000000000000544 0.11004999999999999505 0.11010999999999999954 0.11004999999999999505 0.11046999999999999875 0.11071000000000000285 0.11083999999999999408 0.11117000000000000492 0.11139999999999999902 0.11168000000000000149 0.11200000000000000233 0.11203000000000000458 0.11196000000000000396 0.11196000000000000396 0.11189999999999999947 0.11203000000000000458 0.11211000000000000132
0.11000000000000000056 0.11013000000000000567 0.11021999999999999853 0.11053000000000000325 0.1106800000000000006 0.11076999999999999347 0.11096000000000000307 0.11111000000000000043 0.11117000000000000492 0.1111499999999999988 0.11111000000000000043 0.11119999999999999329 0.11107000000000000206 0.11100000000000000144 0.11083999999999999408 0.11096000000000000307 0.1109200000000000047 0.11083999999999999408 0.11101999999999999369 0.11079999999999999571 0.11021999999999999853 0.11002000000000000668 0.11018000000000000016 0.11028999999999999915 0.11028000000000000302 0.11003999999999999893 0.11040999999999999426 0.11078000000000000347 0.1112100000000000033 0.11124000000000000554 0.1112100000000000033 0.11150000000000000189 0.11171999999999999986 0.11185000000000000497 0.11182999999999999885 0.11190999999999999559 0.1118600000000000011 0.11189999999999999947 0.11197999999999999621
0.11022999999999999465 0.11028999999999999915 0.11082000000000000184 0.11089999999999999858 0.11093999999999999695 0.11100999999999999757 0.11096000000000000307 0.11113000000000000655 0.11121999999999999942 0.11124000000000000554 0.11124000000000000554 0.11124000000000000554 0.1111499999999999988 0.11117000000000000492 0.11115999999999999492 0.11117000000000000492 0.11101999999999999369 0.11100999999999999757 0.1109699999999999992 0.11083999999999999408 0.11045000000000000651 0.11046999999999999875 0.11047999999999999488 0.11040999999999999426 0.11032999999999999752 0.11028000000000000302 0.11050999999999999712 0.1109200000000000047 0.11108999999999999431 0.11129000000000000004 0.11125000000000000167 0.11128000000000000391 0.11128000000000000391 0.11122999999999999554 0.11132000000000000228 0.11136000000000000065 0.11143999999999999739 0.11151999999999999413 0.11150000000000000189
0.11039999999999999813 0.11046000000000000263 0.11078000000000000347 0.11093000000000000083 0.1109699999999999992 0.11111999999999999655 0.11119999999999999329 0.11121999999999999942 0.11136000000000000065 0.11146000000000000352 0.11142000000000000515 0.11146999999999999964 0.11132999999999999841 0.11128000000000000391 0.11128000000000000391 0.11131000000000000616 0.11129000000000000004 0.11125999999999999779 0.11124000000000000554 0.11106000000000000594 0.11060999999999999999 0.11067000000000000448 0.11063000000000000611 0.11046000000000000263 0.11029999999999999527 0.11035000000000000364 0.11047999999999999488 0.11086000000000000021 0.11082000000000000184 0.11110000000000000431 0.11121999999999999942 0.11129000000000000004 0.1112100000000000033 0.11101999999999999369 0.11093999999999999695 0.11086999999999999633 0.1109099999999999947 0.11107000000000000206 0.11101999999999999369
0.11050999999999999712 0.11060000000000000386 0.11071999999999999897 0.11078000000000000347 0.11100000000000000144 0.11110000000000000431 0.11118999999999999717 0.11117000000000000492 0.11125000000000000167 0.11142000000000000515 0.1113900000000000029 0.11143999999999999739 0.11150999999999999801 0.11143999999999999739 0.11133999999999999453 0.11138000000000000678 0.11132000000000000228 0.11139999999999999902 0.11138000000000000678 0.11111000000000000043 0.11088000000000000633 0.11075000000000000122 0.11075000000000000122 0.11071999999999999897 0.11053999999999999937 0.11053999999999999937 0.11053999999999999937 0.11086000000000000021 0.11082999999999999796 0.11076999999999999347 0.11086000000000000021 0.11101999999999999369 0.11096000000000000307 0.11079999999999999571 0.11068999999999999673 0.11061999999999999611 0.11057999999999999774 0.11065999999999999448 0.11078000000000000347
0.11053000000000000325 0.11057999999999999774 0.11071999999999999897 0.1109099999999999947 0.11106000000000000594 0.11108999999999999431 0.11121999999999999942 0.1111499999999999988 0.1112100000000000033 0.11136000000000000065 0.11153000000000000413 0.11157999999999999863 0.11164000000000000312 0.11161000000000000087 0.11154999999999999638 0.11144999999999999352 0.11129999999999999616 0.11118999999999999717 0.11108999999999999431 0.11104999999999999594 0.11079999999999999571 0.11076999999999999347 0.11083999999999999408 0.11078999999999999959 0.1107299999999999951 0.1106800000000000006 0.1106800000000000006 0.11076999999999999347 0.1107299999999999951 0.11061999999999999611 0.11056000000000000549 0.11071999999999999897 0.11054999999999999549 0.11032000000000000139 0.1102599999999999969 0.1102599999999999969 0.11028000000000000302 0.11035000000000000364 0.11046999999999999875
0.11054999999999999549 0.11061999999999999611 0.11076999999999999347 0.11086999999999999633 0.11089000000000000246 0.11103999999999999981 0.11110000000000000431 0.11113000000000000655 0.11118000000000000105 0.11128000000000000391 0.11157999999999999863 0.11154999999999999638 0.11175000000000000211 0.1118600000000000011 0.11164000000000000312 0.11144999999999999352 0.11135000000000000453 0.11113000000000000655 0.11103999999999999981 0.11104999999999999594 0.11082999999999999796 0.11075999999999999734 0.11082999999999999796 0.11089000000000000246 0.11082999999999999796 0.11086999999999999633 0.11089999999999999858 0.11078999999999999959 0.1107400000000000051 0.11081000000000000572 0.11070000000000000673 0.11064999999999999836 0.11039000000000000201 0.11022999999999999465 0.11003999999999999893 0.1100799999999999973 0.1100300000000000028 0.1100300000000000028 0.11002000000000000668
