pydelling/tests/test_data/bottom_surface_irregular.asc
ncols        250
nrows        251
xllcorner    0.001240760000
yllcorner    0.199278
dx     0.000791840960
dy     -0.000791840960
NODATA_value  -9999
[rows 136 to 152 of 251, columns 39 to 77 of 250]
0.1213899999999999979 0.12156000000000000139 0.12174999999999999711 0.12188999999999999835 0.12184000000000000385 0.12223000000000000531 0.12223000000000000531 0.12220000000000000306 0.12213000000000000245 0.12206000000000000183 0.12181000000000000161 0.12175999999999999324 0.1218599999999999961 0.12159999999999999976 0.12156999999999999751 0.12153999999999999526 0.12137000000000000566 0.12109999999999999931 0.12099999999999999645 0.12081999999999999684 0.12081000000000000072 0.12109000000000000319 0.12117999999999999605 0.12124000000000000055 0.1211499999999999938 0.12109999999999999931 0.1209800000000000042 0.12087000000000000521 0.1207899999999999946 0.12070000000000000173 0.1205600000000000005 0.120510000000000006 0.12039999999999999314 0.1203300000000000064 0.12052000000000000213 0.12048999999999999988 0.12059000000000000274 0.12058000000000000662 0.12070999999999999786
0.12148000000000000465 0.12149000000000000077 0.12171999999999999487 0.12180000000000000548 0.12191000000000000447 0.12196999999999999509 0.12202000000000000346 0.1218700000000000061 0.12212000000000000632 0.12202000000000000346 0.12177000000000000324 0.12156999999999999751 0.12170000000000000262 0.1216900000000000065 0.121630000000000002 0.12152000000000000302 0.12119000000000000605 0.12091000000000000358 0.12077999999999999847 0.12067999999999999561 0.12095000000000000195 0.12106999999999999706 0.1212099999999999983 0.12109999999999999931 0.12095999999999999808 0.12099999999999999645 0.12071999999999999398 0.12063000000000000111 0.12058000000000000662 0.12042999999999999539 0.12034999999999999865 0.12041000000000000314 0.12039999999999999314 0.12027999999999999803 0.12041999999999999926 0.12052999999999999825 0.12052000000000000213 0.12058000000000000662 0.12062000000000000499
0.12132999999999999341 0.12155000000000000526 0.1216900000000000065 0.12189999999999999447 0.12189999999999999447 0.12173000000000000487 0.1216900000000000065 0.12159000000000000363 0.1218599999999999961 0.12199000000000000121 0.12173000000000000487 0.12159999999999999976 0.12177999999999999936 0.12170000000000000262 0.12157999999999999363 0.12149999999999999689 0.12124000000000000055 0.12095999999999999808 0.12074999999999999623 0.12071999999999999398 0.12089999999999999358 0.12095999999999999808 0.1209800000000000042 0.1209699999999999942 0.12095999999999999808 0.12081000000000000072 0.12063999999999999724 0.12064999999999999336 0.120510000000000006 0.12023999999999999966 0.12023000000000000353 0.12010999999999999455 0.1200900000000000023 0.12026000000000000578 0.12027000000000000191 0.12034000000000000252 0.12052000000000000213 0.12052000000000000213 0.12038000000000000089
0.12127999999999999892 0.12144000000000000627 0.12155000000000000526 0.12177000000000000324 0.12182999999999999385 0.12170999999999999874 0.12160999999999999588 0.12159000000000000363 0.12174000000000000099 0.1218599999999999961 0.12167000000000000037 0.1216900000000000065 0.12173000000000000487 0.12156999999999999751 0.12148000000000000465 0.1213899999999999979 0.12127000000000000279 0.12107999999999999319 0.1207400000000000001 0.12066000000000000336 0.12070999999999999786 0.12066999999999999948 0.12081000000000000072 0.12085999999999999521 0.12091000000000000358 0.12076000000000000623 0.12059999999999999887 0.12052000000000000213 0.12053999999999999437 0.12013999999999999679 0.12003999999999999393 0.11998000000000000331 0.12002000000000000168 0.12017999999999999516 0.12016000000000000292 0.12013000000000000067 0.12034000000000000252 0.12062000000000000499 0.12052000000000000213
0.12124000000000000055 0.12127999999999999892 0.12124999999999999667 0.12141000000000000403 0.12163999999999999813 0.12157999999999999363 0.12142000000000000015 0.12139999999999999403 0.12153999999999999526 0.12170000000000000262 0.12170000000000000262 0.1216799999999999965 0.12149000000000000077 0.12134000000000000341 0.12137000000000000566 0.12124000000000000055 0.12105000000000000482 0.12094000000000000583 0.12063000000000000111 0.12060999999999999499 0.12042999999999999539 0.12042999999999999539 0.12059000000000000274 0.12073000000000000398 0.1207899999999999946 0.12070000000000000173 0.12042999999999999539 0.12034999999999999865 0.12034999999999999865 0.12015000000000000679 0.11987000000000000433 0.1198499999999999982 0.11992999999999999494 0.11995999999999999719 0.11998000000000000331 0.12006000000000000005 0.12015000000000000679 0.12039999999999999314 0.1203300000000000064
0.12088999999999999746 0.12095000000000000195 0.12095999999999999808 0.12119000000000000605 0.12134000000000000341 0.1213899999999999979 0.12142000000000000015 0.12134999999999999953 0.12142000000000000015 0.12166000000000000425 0.12170000000000000262 0.1216799999999999965 0.12152000000000000302 0.12137000000000000566 0.12128999999999999504 0.1211499999999999938 0.12095000000000000195 0.12073000000000000398 0.120499999999999996 0.120499999999999996 0.12034999999999999865 0.12052000000000000213 0.120510000000000006 0.12053999999999999437 0.12059000000000000274 0.1203300000000000064 0.12030000000000000415 0.12013999999999999679 0.12010999999999999455 0.11985999999999999432 0.11981999999999999595 0.11988999999999999657 0.12001000000000000556 0.1200900000000000023 0.12001000000000000556 0.11995000000000000107 0.12010999999999999455 0.12019000000000000516 0.12013000000000000067
0.12052000000000000213 0.12066999999999999948 0.12066000000000000336 0.12087000000000000521 0.12113000000000000156 0.12127999999999999892 0.12130000000000000504 0.12132999999999999341 0.12135999999999999566 0.12159000000000000363 0.12149999999999999689 0.12151000000000000689 0.12152999999999999914 0.12152999999999999914 0.12135999999999999566 0.12127999999999999892 0.1209699999999999942 0.12059000000000000274 0.12039999999999999314 0.12030000000000000415 0.12027000000000000191 0.12038000000000000089 0.12046999999999999376 0.12042999999999999539 0.12048999999999999988 0.12030000000000000415 0.12028999999999999415 0.12034000000000000252 0.12017999999999999516 0.11988000000000000045 0.11971999999999999309 0.11996999999999999331 0.12016999999999999904 0.12009999999999999842 0.12006999999999999618 0.12001000000000000556 0.12006000000000000005 0.12005000000000000393 0.11990000000000000657
0.1203300000000000064 0.12044000000000000539 0.12042999999999999539 0.12052999999999999825 0.12077000000000000235 0.12103999999999999482 0.12113000000000000156 0.12124000000000000055 0.12139999999999999403 0.12148000000000000465 0.12148000000000000465 0.12138000000000000178 0.12142000000000000015 0.12146999999999999464 0.12142000000000000015 0.12113999999999999768 0.12077999999999999847 0.12039999999999999314 0.12023000000000000353 0.12019000000000000516 0.12016000000000000292 0.12023000000000000353 0.12026000000000000578 0.12038000000000000089 0.12035999999999999477 0.12037000000000000477 0.12039999999999999314 0.12041000000000000314 0.12024999999999999578 0.12003999999999999393 0.11988000000000000045 0.11994000000000000494 0.12002999999999999781 0.12016999999999999904 0.12016000000000000292 0.12006999999999999618 0.12002000000000000168 0.11996999999999999331 0.11990000000000000657
0.12023999999999999966 0.12023999999999999966 0.1203300000000000064 0.12039999999999999314 0.12063000000000000111 0.12076000000000000623 0.12103999999999999482 0.1212099999999999983 0.12124000000000000055 0.12131000000000000116 0.12134999999999999953 0.12119000000000000605 0.12127000000000000279 0.12137000000000000566 0.12124999999999999667 0.12087000000000000521 0.12058000000000000662 0.12027000000000000191 0.12012000000000000455 0.1200900000000000023 0.12015000000000000679 0.12023999999999999966 0.12027000000000000191 0.12023000000000000353 0.12023000000000000353 0.12026000000000000578 0.12034000000000000252 0.12039999999999999314 0.12027000000000000191 0.12008000000000000618 0.12002000000000000168 0.12006000000000000005 0.12003999999999999393 0.12008000000000000618 0.12008000000000000618 0.12008000000000000618 0.12010999999999999455 0.11991999999999999882 0.1199100000000000027
0.12010999999999999455 0.12016999999999999904 0.12024999999999999578 0.12041000000000000314 0.12042999999999999539 0.12071999999999999398 0.12101000000000000645 0.12105000000000000482 0.12126000000000000667 0.12127000000000000279 0.1211499999999999938 0.12110999999999999543 0.1211499999999999938 0.12109000000000000319 0.12109000000000000319 0.12091000000000000358 0.12052999999999999825 0.1203199999999999964 0.12015000000000000679 0.11995999999999999719 0.11990000000000000657 0.12001000000000000556 0.12006999999999999618 0.11998999999999999944 0.1200900000000000023 0.12037000000000000477 0.12041999999999999926 0.12035999999999999477 0.12020000000000000129 0.12021999999999999353 0.12013000000000000067 0.12009999999999999842 0.12012000000000000455 0.12021999999999999353 0.12027999999999999803 0.12020000000000000129 0.12017999999999999516 0.12005000000000000393 0.11999999999999999556
0.11994000000000000494 0.11990000000000000657 0.12003999999999999393 0.12019000000000000516 0.12030000000000000415 0.12083000000000000684 0.12113000000000000156 0.12120000000000000218 0.12120000000000000218 0.12112000000000000544 0.12112000000000000544 0.12102000000000000257 0.12102999999999999869 0.12101000000000000645 0.12084999999999999909 0.12070999999999999786 0.12041999999999999926 0.12021999999999999353 0.12001000000000000556 0.11995999999999999719 0.11978999999999999371 0.11974999999999999534 0.11971999999999999309 0.11974999999999999534 0.11990000000000000657 0.12020999999999999741 0.1200900000000000023 0.12017999999999999516 0.12017999999999999516 0.12010999999999999455 0.12005000000000000393 0.12010999999999999455 0.12003999999999999393 0.11996999999999999331 0.12013000000000000067 0.12027000000000000191 0.12023000000000000353 0.12023000000000000353 0.12012000000000000455
0.11977000000000000146 0.11983000000000000596 0.11988999999999999657 0.12005000000000000393 0.12035999999999999477 0.12063000000000000111 0.12095000000000000195 0.12105000000000000482 0.1209800000000000042 0.12099999999999999645 0.12099999999999999645 0.12094000000000000583 0.12088999999999999746 0.12085999999999999521 0.12074999999999999623 0.12046999999999999376 0.12026000000000000578 0.12016000000000000292 0.12002999999999999781 0.11980999999999999983 0.11980999999999999983 0.11971999999999999309 0.11967999999999999472 0.11980000000000000371 0.11981999999999999595 0.11995000000000000107 0.11996999999999999331 0.11994000000000000494 0.11998999999999999944 0.12003999999999999393 0.12006000000000000005 0.12001000000000000556 0.12003999999999999393 0.11988999999999999657 0.11998000000000000331 0.12001000000000000556 0.12012000000000000455 0.12010999999999999455 0.12013999999999999679
0.11952000000000000124 0.11958000000000000573 0.11976000000000000534 0.11990000000000000657 0.1200900000000000023 0.12035999999999999477 0.12055000000000000437 0.12073000000000000398 0.12092999999999999583 0.1209699999999999942 0.1209699999999999942 0.12081999999999999684 0.12070000000000000173 0.12069000000000000561 0.1205600000000000005 0.12030000000000000415 0.12002000000000000168 0.11992999999999999494 0.11977999999999999758 0.11966000000000000247 0.11959000000000000186 0.11958000000000000573 0.11953999999999999349 0.11952000000000000124 0.1196099999999999941 0.11971999999999999309 0.11973999999999999921 0.11969000000000000472 0.11974999999999999534 0.11984000000000000208 0.11995999999999999719 0.11998000000000000331 0.11990000000000000657 0.11980000000000000371 0.11977999999999999758 0.1198499999999999982 0.11988999999999999657 0.11990000000000000657 0.12013000000000000067
0.11937000000000000388 0.11938999999999999613 0.11958000000000000573 0.11969000000000000472 0.1198499999999999982 0.12001000000000000556 0.12041999999999999926 0.12066000000000000336 0.12085999999999999521 0.12095999999999999808 0.12083000000000000684 0.12070999999999999786 0.12064999999999999336 0.12045999999999999763 0.12034000000000000252 0.1200900000000000023 0.11988000000000000045 0.11980000000000000371 0.11970000000000000084 0.11953999999999999349 0.11941000000000000225 0.11941999999999999837 0.11949999999999999512 0.11951000000000000512 0.11969000000000000472 0.11966000000000000247 0.11955999999999999961 0.1196099999999999941 0.11966000000000000247 0.11980999999999999983 0.11992999999999999494 0.11998999999999999944 0.11988999999999999657 0.11969000000000000472 0.11967999999999999472 0.11963000000000000023 0.11966000000000000247 0.11973000000000000309 0.11980999999999999983
0.11924999999999999489 0.11928999999999999326 0.11981999999999999595 0.11941000000000000225 0.1196099999999999941 0.11988999999999999657 0.12013999999999999679 0.12045999999999999763 0.12076000000000000623 0.12091000000000000358 0.12081999999999999684 0.12069000000000000561 0.12064999999999999336 0.12038999999999999702 0.12020000000000000129 0.12005000000000000393 0.11992999999999999494 0.11980999999999999983 0.11971999999999999309 0.11945000000000000062 0.11938 0.11937000000000000388 0.11933000000000000551 0.11938 0.11947000000000000675 0.11951000000000000512 0.11959999999999999798 0.11955000000000000349 0.11956999999999999573 0.11973999999999999921 0.11984000000000000208 0.1198499999999999982 0.11984000000000000208 0.11971999999999999309 0.11952000000000000124 0.11927999999999999714 0.11937000000000000388 0.1194299999999999945 0.11955999999999999961
0.11917999999999999428 0.11909999999999999754 0.11981999999999999595 0.11934999999999999776 0.11947000000000000675 0.11977000000000000146 0.11990000000000000657 0.12037000000000000477 0.12073000000000000398 0.12081000000000000072 0.12074999999999999623 0.12058000000000000662 0.12038000000000000089 0.12023999999999999966 0.12019000000000000516 0.12016000000000000292 0.11996999999999999331 0.11978999999999999371 0.11959999999999999798 0.1194299999999999945 0.11938999999999999613 0.11933000000000000551 0.11927000000000000102 0.11930999999999999939 0.11930999999999999939 0.11940000000000000613 0.11945999999999999674 0.11955000000000000349 0.11963000000000000023 0.11963999999999999635 0.11980999999999999983 0.11973999999999999921 0.11973999999999999921 0.11967999999999999472 0.11948000000000000287 0.11913999999999999591 0.11904000000000000692 0.11909000000000000141 0.1192000000000000004
0.11910999999999999366 0.11912000000000000366 0.11973000000000000309 0.11940000000000000613 0.11959000000000000186 0.11988000000000000045 0.12003999999999999393 0.12048000000000000376 0.12052999999999999825 0.12059999999999999887 0.120510000000000006 0.12042999999999999539 0.12021999999999999353 0.12012000000000000455 0.12013999999999999679 0.12003999999999999393 0.11988000000000000045 0.11966000000000000247 0.11965000000000000635 0.11952000000000000124 0.11935999999999999388 0.11931999999999999551 0.11916999999999999815 0.11928999999999999326 0.11933000000000000551 0.11934000000000000163 0.11941999999999999837 0.1194400000000000045 0.11951000000000000512 0.11952999999999999736 0.1196200000000000041 0.11959999999999999798 0.11948000000000000287 0.11945000000000000062 0.11909000000000000141 0.11883000000000000507 0.11885999999999999344 0.11884000000000000119 0.11892999999999999405
